1082
408
14945
9272
7506
8136
12930
878
15173
7507
6743
5750
7424
943
4849
12137
7319
11575
9176
11538
9158
1784
14954
7044
7415
5443
12204
12386
7152
9349
7374
12783
6802
7209
3269
2036
14312
9500
16321
10093
10453
7033
2408
15871
13602
10366
12404
12628
22484
3616
23875
13957
13107
11281
15178
6973
4001
12098
11029
10947
7202
10925
25054
984
10765
10563
9282
9448
13057
10018
9473
4069
8524
9658
6323
8313
3808
9328
9697
11111
11232
15050
49423
44274
39726
5332
12984
7807
6451
8407
10764
16770
11605
9111
10991
9796
5994
495
1378
7858
10283
12919
8985
8279
26616
888
11186
11937
13892
11042
10250
14604
955
11577
15201
10815
12073
9983
1124
1005
11580
8441
12991
9699
11210
16921
1147
12219
8924
8639
12482
8541
9372
9512
10061
14057
7119
7904
7640
4307
2976
12136
6396
9851
7516
7747
1668
2969
30297
11370
6051
9191
10223
12409
5558
6780
11821
17286
28966
8018
2949
5554
4436
19450
13805
11862
10983
24628
1237
10987
13949
8878
6981
9215
9311
8405
1645
8021
10468
9069
7935
3434
1024
3689
12501
12140
5076
3016
16288
1518
10978
3991
14639
8870
52207
10206
540
4720
10047
10792
6586
7938
8928
3396
13419
11336
9214
7018
33068
41398
34709
6621
6295
12567
9803
6567
22029
869
10101
7336
26148
21809
20722
4998
1038
10228
13972
6457
5897
9789
12287
22268
13108
17561
9961
7186
7110
2181
3915
9374
7441
10919
10621
11924
2694
1578
29551
7318
10741
7745
10253
2109
1427
12344
10751
10665
6817
1247
19799
6128
10297
12995
9562
10091
16336
2658
1090
11491
7309
7903
5615
10873
6676
4592
10283
10512
9163
7704
8278
13181
1843
11335
8598
8015
12815
5760
22726
879
10288
7981
8334
8950
8575
14407
2626
9430
10189
9186
8972
5475
5547
2757
10646
6478
9090
9020
6258
12202
2814
11339
11291
10793
9226
6874
2363
1483
13197
7174
9769
7419
9605
2220
4695
6692
4985
11888
5042
4962
3154
1868
8746
6786
9380
7449
27238
5609
783
11556
5617
9592
9229
7640
3052
6146
10815
8545
13380
9127
5085
8479
5443
4344
743
867
1440
9233
13082
5496
1551
3042
1414
10765
4597
19937
5700
